1709044841968 -9.207365009345581 0
1709045922181 -9.703410837211182 400
1709047002883 -9.704060527839234 800
1709048081002 -9.704060527839234 1200
1709049159822 -9.704060527839234 1600
1709050238699 -9.704060527839234 2000
1709051316337 -9.704054805793335 2400
1709052395121 -9.704060527839234 2800
1709053475495 -9.704060527839234 3200
1709054555115 -9.704060527839234 3600
1709055632318 -9.704060527839234 4000
1709056710878 -9.704060527839234 4400
1709057790087 -9.704060527839234 4800
1709058867328 -9.704060527839234 5200
1709059945957 -9.704060527839234 5600
1709061023491 -9.704060527839234 6000
1709062100002 -9.704060527839234 6400
1709063175866 -9.704060527839234 6800
1709064254302 -9.704046699561646 7200
1709065334174 -9.704060527839234 7600
1709066412991 -9.704060527839234 8000
1709067489164 -9.704060527839234 8400
1709068567175 -9.704060527839234 8800
1709069665626 -9.704060527839234 9200
1709070762853 -9.704060527839234 9600
