1710232324503 -0.16283986286120644 0
1710232930244 -3.032042476691773 400
1710233535113 -3.0401010246654057 800
1710234139607 -3.111501667060425 1200
1710234744018 -3.1375808449168705 1600
1710235348691 -3.0638532371898197 2000
1710235952082 -2.99804398731189 2400
1710236556193 -3.124982807197144 2800
1710237161726 -3.017239543952515 3200
1710237768292 -3.1823668213267826 3600
1710238374181 -3.0611057014842533 4000
1710238986010 -3.047017070807984 4400
1710239609192 -3.1043052406688236 4800
1710240233168 -3.11543843463855 5200
1710240859230 -3.1252727241893314 5600
1710241487768 -3.194856617011597 6000
1710242114558 -3.187893840827515 6400
1710242740105 -3.1145944328685307 6800
1710243365456 -3.086495372809937 7200
1710243991308 -3.2650642128367924 7600
1710244617520 -3.0423187942882084 8000
1710245242784 -3.0838985176463627 8400
1710245867692 -3.0048856468577885 8800
1710246504307 -3.0341186256785893 9200
1710247146882 -3.21166703418689 9600
