1710770594899 -1.498248073615601 0
1710771877138 -9.586586329497864 400
1710773158555 -9.54656693653064 800
1710774439955 -9.546710583724549 1200
1710775721437 -9.582115385093262 1600
1710777002544 -9.533470484771302 2000
1710778281957 -9.535874459304383 2400
1710779561441 -9.501965496100953 2800
1710780840100 -9.536763402976563 3200
1710782118825 -9.550360891379883 3600
1710783398406 -9.546112510718872 4000
1710784678606 -9.53812000469165 4400
1710785957627 -9.567047450103333 4800
1710787237176 -9.587270710029175 5200
1710788517091 -9.58242389873462 5600
1710789798073 -9.56947633937793 6000
1710791080077 -9.561433527030518 6400
1710792361841 -9.533200833358338 6800
1710793643704 -9.509655687369873 7200
1710794924004 -9.566906544723084 7600
1710796203836 -9.559750887908509 8000
1710797483086 -9.543383214034607 8400
1710798761110 -9.583593222655823 8800
1710800039220 -9.55209443286853 9200
1710801317358 -9.508023831405213 9600
